0.0183156,0.0190593,0.0198252,0.0206137,0.0214249,0.0222592,0.0231167,0.0239976,0.0249022,0.0258305,0.0267827,0.0277589,0.0287591,0.0297835,0.0308321,0.0319048,0.0330016,0.0341224,0.0352673,0.0364359,0.0376283,0.0388441,0.0400831,0.0413452,0.0426299,0.0439369,0.045266,0.0466165,0.0479882,0.0493805,0.0507928,0.0522247,0.0536754,0.0551444,0.0566309,0.0581343,0.0596536,0.0611883,0.0627372,0.0642997,0.0658748,0.0674614,0.0690586,0.0706653,0.0722806,0.0739031,0.0755319,0.0771657,0.0788033,0.0804435,0.082085,0.0837265,0.0853666,0.0870041,0.0886375,0.0902655,0.0918866,0.0934994,0.0951025,0.0966944,0.0982736,0.0998386,0.101388,0.10292,0.104434,0.105928,0.107399,0.108848,0.110273,0.111671,0.113042,0.114383,0.115695,0.116974,0.118221,0.119433,0.120609,0.121748,0.122849,0.12391,0.12493,0.125908,0.126844,0.127735,0.128581,0.12938,0.130133,0.130837,0.131493,0.132099,0.132655,0.133161,0.133614,0.134015,0.134364,0.13466,0.134903,0.135092,0.135227,0.135308,0.135335,0.135308,0.135227,0.135092,0.134903,0.13466,0.134364,0.134015,0.133614,0.133161,0.132655,0.132099,0.131493,0.130837,0.130133,0.12938,0.128581,0.127735,0.126844,0.125908,0.12493,0.12391,0.122849,0.121748,0.120609,0.119433,0.118221,0.116974,0.115695,0.114383,0.113042,0.111671,0.110273,0.108848,0.107399,0.105928,0.104434,0.10292,0.101388,0.0998386,0.0982736,0.0966944,0.0951025,0.0934994,0.0918866,0.0902655,0.0886375,0.0870041,0.0853666,0.0837265,0.082085,0.0804435,0.0788033,0.0771657,0.0755319,0.0739031,0.0722806,0.0706653,0.0690586,0.0674614,0.0658748,0.0642997,0.0627372,0.0611883,0.0596536,0.0581343,0.0566309,0.0551444,0.0536754,0.0522247,0.0507928,0.0493805,0.0479882,0.0466165,0.045266,0.0439369,0.0426299,0.0413452,0.0400831,0.0388441,0.0376283,0.0364359,0.0352673,0.0341224,0.0330016,0.0319048,0.0308321,0.0297835,0.0287591,0.0277589,0.0267827,0.0258305,0.0249022,0.0239976,0.0231167,0.0222592,0.0214249,0.0206137,0.0198252,0.0190593,
0.0190593,0.0198332,0.0206302,0.0214507,0.0222948,0.023163,0.0240553,0.024972,0.0259133,0.0268793,0.0278701,0.0288859,0.0299268,0.0309928,0.0320839,0.0332002,0.0343415,0.0355079,0.0366992,0.0379153,0.0391561,0.0404212,0.0417106,0.0430239,0.0443608,0.0457209,0.0471039,0.0485093,0.0499367,0.0513855,0.0528552,0.0543451,0.0558548,0.0573834,0.0589303,0.0604947,0.0620757,0.0636727,0.0652845,0.0669105,0.0685494,0.0702005,0.0718626,0.0735345,0.0752153,0.0769038,0.0785987,0.0802988,0.082003,0.0837097,0.0854179,0.087126,0.0888327,0.0905367,0.0922364,0.0939305,0.0956174,0.0972957,0.0989639,0.10062,0.102264,0.103892,0.105505,0.107099,0.108674,0.110228,0.11176,0.113268,0.11475,0.116205,0.117631,0.119028,0.120392,0.121724,0.123021,0.124282,0.125506,0.126692,0.127837,0.128941,0.130003,0.131021,0.131994,0.132921,0.133801,0.134633,0.135417,0.13615,0.136832,0.137463,0.138042,0.138567,0.139039,0.139457,0.13982,0.140128,0.14038,0.140577,0.140718,0.140802,0.14083,0.140802,0.140718,0.140577,0.14038,0.140128,0.13982,0.139457,0.139039,0.138567,0.138042,0.137463,0.136832,0.13615,0.135417,0.134633,0.133801,0.132921,0.131994,0.131021,0.130003,0.128941,0.127837,0.126692,0.125506,0.124282,0.123021,0.121724,0.120392,0.119028,0.117631,0.116205,0.11475,0.113268,0.11176,0.110228,0.108674,0.107099,0.105505,0.103892,0.102264,0.10062,0.0989639,0.0972957,0.0956174,0.0939305,0.0922364,0.0905367,0.0888327,0.087126,0.0854179,0.0837097,0.082003,0.0802988,0.0785987,0.0769038,0.0752153,0.0735345,0.0718626,0.0702005,0.0685494,0.0669105,0.0652845,0.0636727,0.0620757,0.0604947,0.0589303,0.0573834,0.0558548,0.0543451,0.0528552,0.0513855,0.0499367,0.0485093,0.0471039,0.0457209,0.0443608,0.0430239,0.0417106,0.0404212,0.0391561,0.0379153,0.0366992,0.0355079,0.0343415,0.0332002,0.0320839,0.0309928,0.0299268,0.0288859,0.0278701,0.0268793,0.0259133,0.024972,0.0240553,0.023163,0.0222948,0.0214507,0.0206302,0.0198332,
0.0198252,0.0206302,0.0214592,0.0223127,0.0231908,0.0240938,0.025022,0.0259755,0.0269546,0.0279595,0.0289901,0.0300468,0.0311295,0.0322383,0.0333733,0.0345344,0.0357216,0.0369348,0.038174,0.039439,0.0407296,0.0420456,0.0433868,0.0447529,0.0461435,0.0475583,0.0489968,0.0504587,0.0519434,0.0534505,0.0549792,0.0565291,0.0580994,0.0596894,0.0612985,0.0629257,0.0645703,0.0662314,0.0679081,0.0695994,0.0713042,0.0730216,0.0747505,0.0764896,0.078238,0.0799943,0.0817573,0.0835258,0.0852984,0.0870737,0.0888505,0.0906273,0.0924026,0.094175,0.0959431,0.0977052,0.09946,0.101206,0.102941,0.104664,0.106373,0.108067,0.109745,0.111403,0.113042,0.114658,0.116251,0.11782,0.119361,0.120875,0.122359,0.123811,0.12523,0.126616,0.127965,0.129277,0.13055,0.131783,0.132974,0.134123,0.135227,0.136286,0.137298,0.138263,0.139178,0.140044,0.140858,0.141621,0.142331,0.142987,0.143589,0.144136,0.144627,0.145061,0.145439,0.145759,0.146022,0.146226,0.146373,0.14646,0.14649,0.14646,0.146373,0.146226,0.146022,0.145759,0.145439,0.145061,0.144627,0.144136,0.143589,0.142987,0.142331,0.141621,0.140858,0.140044,0.139178,0.138263,0.137298,0.136286,0.135227,0.134123,0.132974,0.131783,0.13055,0.129277,0.127965,0.126616,0.12523,0.123811,0.122359,0.120875,0.119361,0.11782,0.116251,0.114658,0.113042,0.111403,0.109745,0.108067,0.106373,0.104664,0.102941,0.101206,0.09946,0.0977052,0.0959431,0.094175,0.0924026,0.0906273,0.0888505,0.0870737,0.0852984,0.0835258,0.0817573,0.0799943,0.078238,0.0764896,0.0747505,0.0730216,0.0713042,0.0695994,0.0679081,0.0662314,0.0645703,0.0629257,0.0612985,0.0596894,0.0580994,0.0565291,0.0549792,0.0534505,0.0519434,0.0504587,0.0489968,0.0475583,0.0461435,0.0447529,0.0433868,0.0420456,0.0407296,0.039439,0.038174,0.0369348,0.0357216,0.0345344,0.0333733,0.0322383,0.0311295,0.0300468,0.0289901,0.0279595,0.0269546,0.0259755,0.025022,0.0240938,0.0231908,0.0223127,0.0214592,0.0206302,
0.0206137,0.0214507,0.0223127,0.0232001,0.0241131,0.025052,0.0260171,0.0270086,0.0280266,0.0290714,0.0301431,0.0312417,0.0323675,0.0335204,0.0347005,0.0359078,0.0371423,0.0384038,0.0396922,0.0410075,0.0423494,0.0437178,0.0451123,0.0465327,0.0479786,0.0494497,0.0509454,0.0524655,0.0540092,0.0555762,0.0571658,0.0587773,0.06041,0.0620633,0.0637364,0.0654283,0.0671383,0.0688655,0.0706088,0.0723674,0.07414,0.0759257,0.0777233,0.0795317,0.0813495,0.0831757,0.0850088,0.0868476,0.0886907,0.0905367,0.0923841,0.0942316,0.0960775,0.0979204,0.0997588,0.101591,0.103416,0.105231,0.107035,0.108827,0.110604,0.112365,0.114109,0.115834,0.117537,0.119218,0.120875,0.122505,0.124108,0.125682,0.127225,0.128735,0.130211,0.131651,0.133054,0.134418,0.135742,0.137024,0.138263,0.139457,0.140605,0.141706,0.142759,0.143761,0.144713,0.145613,0.14646,0.147253,0.147992,0.148674,0.1493,0.149868,0.150378,0.15083,0.151223,0.151556,0.151829,0.152042,0.152194,0.152285,0.152316,0.152285,0.152194,0.152042,0.151829,0.151556,0.151223,0.15083,0.150378,0.149868,0.1493,0.148674,0.147992,0.147253,0.14646,0.145613,0.144713,0.143761,0.142759,0.141706,0.140605,0.139457,0.138263,0.137024,0.135742,0.134418,0.133054,0.131651,0.130211,0.128735,0.127225,0.125682,0.124108,0.122505,0.120875,0.119218,0.117537,0.115834,0.114109,0.112365,0.110604,0.108827,0.107035,0.105231,0.103416,0.101591,0.0997588,0.0979204,0.0960775,0.0942316,0.0923841,0.0905367,0.0886907,0.0868476,0.0850088,0.0831757,0.0813495,0.0795317,0.0777233,0.0759257,0.07414,0.0723674,0.0706088,0.0688655,0.0671383,0.0654283,0.0637364,0.0620633,0.06041,0.0587773,0.0571658,0.0555762,0.0540092,0.0524655,0.0509454,0.0494497,0.0479786,0.0465327,0.0451123,0.0437178,0.0423494,0.0410075,0.0396922,0.0384038,0.0371423,0.0359078,0.0347005,0.0335204,0.0323675,0.0312417,0.0301431,0.0290714,0.0280266,0.0270086,0.0260171,0.025052,0.0241131,0.0232001,0.0223127,0.0214507,
0.0214249,0.0222948,0.0231908,0.0241131,0.0250621,0.026038,0.027041,0.0280715,0.0291296,0.0302155,0.0313293,0.0324713,0.0336413,0.0348396,0.0360662,0.037321,0.038604,0.0399151,0.0412543,0.0426213,0.0440161,0.0454383,0.0468877,0.048364,0.0498668,0.0513957,0.0529504,0.0545302,0.0561348,0.0577634,0.0594155,0.0610904,0.0627875,0.0645058,0.0662447,0.0680032,0.0697805,0.0715757,0.0733876,0.0752153,0.0770578,0.0789137,0.0807821,0.0826616,0.084551,0.0864491,0.0883543,0.0902655,0.0921811,0.0940997,0.0960199,0.09794,0.0998586,0.101774,0.103685,0.105589,0.107485,0.109372,0.111247,0.113109,0.114957,0.116787,0.1186,0.120392,0.122163,0.12391,0.125632,0.127327,0.128993,0.130628,0.132232,0.133801,0.135335,0.136832,0.13829,0.139708,0.141084,0.142416,0.143704,0.144945,0.146139,0.147283,0.148377,0.149419,0.150409,0.151344,0.152224,0.153049,0.153816,0.154525,0.155175,0.155766,0.156297,0.156766,0.157174,0.15752,0.157804,0.158025,0.158183,0.158278,0.15831,0.158278,0.158183,0.158025,0.157804,0.15752,0.157174,0.156766,0.156297,0.155766,0.155175,0.154525,0.153816,0.153049,0.152224,0.151344,0.150409,0.149419,0.148377,0.147283,0.146139,0.144945,0.143704,0.142416,0.141084,0.139708,0.13829,0.136832,0.135335,0.133801,0.132232,0.130628,0.128993,0.127327,0.125632,0.12391,0.122163,0.120392,0.1186,0.116787,0.114957,0.113109,0.111247,0.109372,0.107485,0.105589,0.103685,0.101774,0.0998586,0.09794,0.0960199,0.0940997,0.0921811,0.0902655,0.0883543,0.0864491,0.084551,0.0826616,0.0807821,0.0789137,0.0770578,0.0752153,0.0733876,0.0715757,0.0697805,0.0680032,0.0662447,0.0645058,0.0627875,0.0610904,0.0594155,0.0577634,0.0561348,0.0545302,0.0529504,0.0513957,0.0498668,0.048364,0.0468877,0.0454383,0.0440161,0.0426213,0.0412543,0.0399151,0.038604,0.037321,0.0360662,0.0348396,0.0336413,0.0324713,0.0313293,0.0302155,0.0291296,0.0280715,0.027041,0.026038,0.0250621,0.0241131,0.0231908,0.0222948,
0.0222592,0.023163,0.0240938,0.025052,0.026038,0.0270518,0.028094,0.0291646,0.0302639,0.0313921,0.0325493,0.0337357,0.0349513,0.0361962,0.0374705,0.0387742,0.0401072,0.0414694,0.0428607,0.044281,0.04573,0.0472076,0.0487135,0.0502472,0.0518086,0.053397,0.0550122,0.0566536,0.0583206,0.0600126,0.0617291,0.0634692,0.0652323,0.0670176,0.0688242,0.0706512,0.0724977,0.0743628,0.0762453,0.0781442,0.0800583,0.0819866,0.0839277,0.0858804,0.0878434,0.0898153,0.0917948,0.0937803,0.0957706,0.0977639,0.0997588,0.101754,0.103747,0.105737,0.107722,0.109701,0.111671,0.113631,0.115579,0.117514,0.119433,0.121335,0.123218,0.12508,0.12692,0.128735,0.130524,0.132285,0.134015,0.135715,0.137381,0.139011,0.140605,0.14216,0.143675,0.145148,0.146578,0.147962,0.1493,0.150589,0.151829,0.153018,0.154154,0.155237,0.156265,0.157237,0.158152,0.159008,0.159805,0.160542,0.161218,0.161831,0.162383,0.16287,0.163294,0.163654,0.163949,0.164179,0.164343,0.164442,0.164474,0.164442,0.164343,0.164179,0.163949,0.163654,0.163294,0.16287,0.162383,0.161831,0.161218,0.160542,0.159805,0.159008,0.158152,0.157237,0.156265,0.155237,0.154154,0.153018,0.151829,0.150589,0.1493,0.147962,0.146578,0.145148,0.143675,0.14216,0.140605,0.139011,0.137381,0.135715,0.134015,0.132285,0.130524,0.128735,0.12692,0.12508,0.123218,0.121335,0.119433,0.117514,0.115579,0.113631,0.111671,0.109701,0.107722,0.105737,0.103747,0.101754,0.0997588,0.0977639,0.0957706,0.0937803,0.0917948,0.0898153,0.0878434,0.0858804,0.0839277,0.0819866,0.0800583,0.0781442,0.0762453,0.0743628,0.0724977,0.0706512,0.0688242,0.0670176,0.0652323,0.0634692,0.0617291,0.0600126,0.0583206,0.0566536,0.0550122,0.053397,0.0518086,0.0502472,0.0487135,0.0472076,0.04573,0.044281,0.0428607,0.0414694,0.0401072,0.0387742,0.0374705,0.0361962,0.0349513,0.0337357,0.0325493,0.0313921,0.0302639,0.0291646,0.028094,0.0270518,0.026038,0.025052,0.0240938,0.023163,
0.0231167,0.0240553,0.025022,0.0260171,0.027041,0.028094,0.0291763,0.0302881,0.0314298,0.0326014,0.0338032,0.0350353,0.0362977,0.0375906,0.038914,0.0402679,0.0416522,0.0430669,0.0445118,0.0459868,0.0474917,0.0490262,0.0505901,0.0521829,0.0538044,0.0554541,0.0571315,0.0588361,0.0605673,0.0623245,0.0641071,0.0659143,0.0677453,0.0695994,0.0714755,0.0733729,0.0752906,0.0772275,0.0791825,0.0811545,0.0831424,0.085145,0.0871609,0.0891888,0.0912274,0.0932753,0.095331,0.0973931,0.09946,0.10153,0.103602,0.105674,0.107744,0.10981,0.111872,0.113927,0.115973,0.118008,0.120032,0.122041,0.124034,0.126009,0.127965,0.129899,0.131809,0.133694,0.135552,0.137381,0.139178,0.140943,0.142673,0.144367,0.146022,0.147637,0.14921,0.15074,0.152224,0.153662,0.155051,0.15639,0.157678,0.158913,0.160093,0.161218,0.162285,0.163294,0.164244,0.165134,0.165961,0.166727,0.167428,0.168066,0.168638,0.169145,0.169585,0.169959,0.170265,0.170503,0.170674,0.170776,0.170811,0.170776,0.170674,0.170503,0.170265,0.169959,0.169585,0.169145,0.168638,0.168066,0.167428,0.166727,0.165961,0.165134,0.164244,0.163294,0.162285,0.161218,0.160093,0.158913,0.157678,0.15639,0.155051,0.153662,0.152224,0.15074,0.14921,0.147637,0.146022,0.144367,0.142673,0.140943,0.139178,0.137381,0.135552,0.133694,0.131809,0.129899,0.127965,0.126009,0.124034,0.122041,0.120032,0.118008,0.115973,0.113927,0.111872,0.10981,0.107744,0.105674,0.103602,0.10153,0.09946,0.0973931,0.095331,0.0932753,0.0912274,0.0891888,0.0871609,0.085145,0.0831424,0.0811545,0.0791825,0.0772275,0.0752906,0.0733729,0.0714755,0.0695994,0.0677453,0.0659143,0.0641071,0.0623245,0.0605673,0.0588361,0.0571315,0.0554541,0.0538044,0.0521829,0.0505901,0.0490262,0.0474917,0.0459868,0.0445118,0.0430669,0.0416522,0.0402679,0.038914,0.0375906,0.0362977,0.0350353,0.0338032,0.0326014,0.0314298,0.0302881,0.0291763,0.028094,0.027041,0.0260171,0.025022,0.0240553,
0.0239976,0.024972,0.0259755,0.0270086,0.0280715,0.0291646,0.0302881,0.0314423,0.0326275,0.0338438,0.0350914,0.0363704,0.037681,0.0390232,0.040397,0.0418025,0.0432395,0.0447081,0.0462081,0.0477393,0.0493015,0.0508945,0.052518,0.0541715,0.0558548,0.0575673,0.0593087,0.0610782,0.0628754,0.0646996,0.0665501,0.0684262,0.070327,0.0722517,0.0741993,0.0761691,0.0781598,0.0801705,0.0822,0.0842472,0.0863108,0.0883897,0.0904824,0.0925876,0.0947039,0.0968298,0.0989639,0.101105,0.10325,0.105399,0.10755,0.109701,0.11185,0.113995,0.116135,0.118268,0.120392,0.122505,0.124606,0.126692,0.128761,0.130811,0.132841,0.134849,0.136832,0.138789,0.140718,0.142616,0.144482,0.146314,0.14811,0.149868,0.151586,0.153263,0.154896,0.156484,0.158025,0.159518,0.16096,0.16235,0.163687,0.164969,0.166194,0.167361,0.16847,0.169517,0.170503,0.171427,0.172286,0.17308,0.173809,0.17447,0.175065,0.175591,0.176048,0.176435,0.176753,0.177001,0.177178,0.177284,0.17732,0.177284,0.177178,0.177001,0.176753,0.176435,0.176048,0.175591,0.175065,0.17447,0.173809,0.17308,0.172286,0.171427,0.170503,0.169517,0.16847,0.167361,0.166194,0.164969,0.163687,0.16235,0.16096,0.159518,0.158025,0.156484,0.154896,0.153263,0.151586,0.149868,0.14811,0.146314,0.144482,0.142616,0.140718,0.138789,0.136832,0.134849,0.132841,0.130811,0.128761,0.126692,0.124606,0.122505,0.120392,0.118268,0.116135,0.113995,0.11185,0.109701,0.10755,0.105399,0.10325,0.101105,0.0989639,0.0968298,0.0947039,0.0925876,0.0904824,0.0883897,0.0863108,0.0842472,0.0822,0.0801705,0.0781598,0.0761691,0.0741993,0.0722517,0.070327,0.0684262,0.0665501,0.0646996,0.0628754,0.0610782,0.0593087,0.0575673,0.0558548,0.0541715,0.052518,0.0508945,0.0493015,0.0477393,0.0462081,0.0447081,0.0432395,0.0418025,0.040397,0.0390232,0.037681,0.0363704,0.0350914,0.0338438,0.0326275,0.0314423,0.0302881,0.0291646,0.0280715,0.0270086,0.0259755,0.024972,
0.0249022,0.0259133,0.0269546,0.0280266,0.0291296,0.0302639,0.0314298,0.0326275,0.0338573,0.0351195,0.0364141,0.0377413,0.0391013,0.0404941,0.0419197,0.0433781,0.0448694,0.0463933,0.0479498,0.0495388,0.0511599,0.0528129,0.0544975,0.0562134,0.0579601,0.0597372,0.0615442,0.0633804,0.0652454,0.0671383,0.0690586,0.0710054,0.0729778,0.074975,0.0769961,0.0790401,0.0811059,0.0831923,0.0852984,0.0874227,0.0895642,0.0917214,0.0938929,0.0960775,0.0982736,0.10048,0.102694,0.104916,0.107142,0.109372,0.111604,0.113836,0.116066,0.118292,0.120513,0.122726,0.12493,0.127123,0.129303,0.131467,0.133614,0.135742,0.137849,0.139932,0.14199,0.14402,0.146022,0.147992,0.149928,0.151829,0.153693,0.155517,0.1573,0.15904,0.160735,0.162383,0.163982,0.16553,0.167027,0.16847,0.169857,0.171187,0.172458,0.17367,0.17482,0.175907,0.17693,0.177888,0.17878,0.179604,0.18036,0.181047,0.181663,0.182209,0.182684,0.183086,0.183416,0.183673,0.183856,0.183967,0.184004,0.183967,0.183856,0.183673,0.183416,0.183086,0.182684,0.182209,0.181663,0.181047,0.18036,0.179604,0.17878,0.177888,0.17693,0.175907,0.17482,0.17367,0.172458,0.171187,0.169857,0.16847,0.167027,0.16553,0.163982,0.162383,0.160735,0.15904,0.1573,0.155517,0.153693,0.151829,0.149928,0.147992,0.146022,0.14402,0.14199,0.139932,0.137849,0.135742,0.133614,0.131467,0.129303,0.127123,0.12493,0.122726,0.120513,0.118292,0.116066,0.113836,0.111604,0.109372,0.107142,0.104916,0.102694,0.10048,0.0982736,0.0960775,0.0938929,0.0917214,0.0895642,0.0874227,0.0852984,0.0831923,0.0811059,0.0790401,0.0769961,0.074975,0.0729778,0.0710054,0.0690586,0.0671383,0.0652454,0.0633804,0.0615442,0.0597372,0.0579601,0.0562134,0.0544975,0.0528129,0.0511599,0.0495388,0.0479498,0.0463933,0.0448694,0.0433781,0.0419197,0.0404941,0.0391013,0.0377413,0.0364141,0.0351195,0.0338573,0.0326275,0.0314298,0.0302639,0.0291296,0.0280266,0.0269546,0.0259133,
0.0258305,0.0268793,0.0279595,0.0290714,0.0302155,0.0313921,0.0326014,0.0338438,0.0351195,0.0364286,0.0377715,0.0391482,0.0405589,0.0420036,0.0434824,0.0449952,0.046542,0.0481228,0.0497373,0.0513855,0.053067,0.0547816,0.0565291,0.0583089,0.0601208,0.0619641,0.0638384,0.0657431,0.0676776,0.0696411,0.071633,0.0736523,0.0756983,0.07777,0.0798664,0.0819866,0.0841293,0.0862936,0.0884781,0.0906817,0.0929029,0.0951406,0.0973931,0.0996591,0.101937,0.104225,0.106522,0.108827,0.111136,0.113449,0.115764,0.118079,0.120392,0.122702,0.125005,0.127301,0.129587,0.131862,0.134123,0.136368,0.138595,0.140802,0.142987,0.145148,0.147283,0.149389,0.151465,0.153508,0.155517,0.157489,0.159422,0.161314,0.163164,0.164969,0.166727,0.168436,0.170095,0.171701,0.173253,0.17475,0.176189,0.177568,0.178887,0.180144,0.181337,0.182464,0.183526,0.18452,0.185444,0.186299,0.187084,0.187796,0.188435,0.189002,0.189494,0.189911,0.190253,0.19052,0.19071,0.190825,0.190863,0.190825,0.19071,0.19052,0.190253,0.189911,0.189494,0.189002,0.188435,0.187796,0.187084,0.186299,0.185444,0.18452,0.183526,0.182464,0.181337,0.180144,0.178887,0.177568,0.176189,0.17475,0.173253,0.171701,0.170095,0.168436,0.166727,0.164969,0.163164,0.161314,0.159422,0.157489,0.155517,0.153508,0.151465,0.149389,0.147283,0.145148,0.142987,0.140802,0.138595,0.136368,0.134123,0.131862,0.129587,0.127301,0.125005,0.122702,0.120392,0.118079,0.115764,0.113449,0.111136,0.108827,0.106522,0.104225,0.101937,0.0996591,0.0973931,0.0951406,0.0929029,0.0906817,0.0884781,0.0862936,0.0841293,0.0819866,0.0798664,0.07777,0.0756983,0.0736523,0.071633,0.0696411,0.0676776,0.0657431,0.0638384,0.0619641,0.0601208,0.0583089,0.0565291,0.0547816,0.053067,0.0513855,0.0497373,0.0481228,0.046542,0.0449952,0.0434824,0.0420036,0.0405589,0.0391482,0.0377715,0.0364286,0.0351195,0.0338438,0.0326014,0.0313921,0.0302155,0.0290714,0.0279595,0.0268793,
0.0267827,0.0278701,0.0289901,0.0301431,0.0313293,0.0325493,0.0338032,0.0350914,0.0364141,0.0377715,0.0391639,0.0405914,0.042054,0.043552,0.0450853,0.0466538,0.0482577,0.0498967,0.0515708,0.0532797,0.0550232,0.0568011,0.0586129,0.0604584,0.062337,0.0642483,0.0661917,0.0681666,0.0701724,0.0722083,0.0742736,0.0763674,0.0784887,0.0806368,0.0828105,0.0850088,0.0872306,0.0894746,0.0917397,0.0940245,0.0963276,0.0986477,0.100983,0.103333,0.105695,0.108067,0.110449,0.112838,0.115233,0.117631,0.120032,0.122432,0.12483,0.127225,0.129613,0.131994,0.134364,0.136723,0.139067,0.141395,0.143704,0.145993,0.148258,0.150499,0.152712,0.154896,0.157049,0.159167,0.16125,0.163294,0.165299,0.167261,0.169179,0.17105,0.172873,0.174645,0.176365,0.178031,0.17964,0.181192,0.182684,0.184114,0.185482,0.186784,0.188021,0.189191,0.190291,0.191322,0.192281,0.193167,0.19398,0.194719,0.195382,0.195969,0.196479,0.196912,0.197266,0.197543,0.19774,0.197859,0.197899,0.197859,0.19774,0.197543,0.197266,0.196912,0.196479,0.195969,0.195382,0.194719,0.19398,0.193167,0.192281,0.191322,0.190291,0.189191,0.188021,0.186784,0.185482,0.184114,0.182684,0.181192,0.17964,0.178031,0.176365,0.174645,0.172873,0.17105,0.169179,0.167261,0.165299,0.163294,0.16125,0.159167,0.157049,0.154896,0.152712,0.150499,0.148258,0.145993,0.143704,0.141395,0.139067,0.136723,0.134364,0.131994,0.129613,0.127225,0.12483,0.122432,0.120032,0.117631,0.115233,0.112838,0.110449,0.108067,0.105695,0.103333,0.100983,0.0986477,0.0963276,0.0940245,0.0917397,0.0894746,0.0872306,0.0850088,0.0828105,0.0806368,0.0784887,0.0763674,0.0742736,0.0722083,0.0701724,0.0681666,0.0661917,0.0642483,0.062337,0.0604584,0.0586129,0.0568011,0.0550232,0.0532797,0.0515708,0.0498967,0.0482577,0.0466538,0.0450853,0.043552,0.042054,0.0405914,0.0391639,0.0377715,0.0364141,0.0350914,0.0338032,0.0325493,0.0313293,0.0301431,0.0289901,0.0278701,
0.0277589,0.0288859,0.0300468,0.0312417,0.0324713,0.0337357,0.0350353,0.0363704,0.0377413,0.0391482,0.0405914,0.0420709,0.0435868,0.0451394,0.0467285,0.0483543,0.0500166,0.0517154,0.0534505,0.0552217,0.0570287,0.0588714,0.0607493,0.062662,0.0646091,0.0665901,0.0686043,0.0706512,0.0727301,0.0748402,0.0769807,0.0791508,0.0813495,0.0835759,0.0858289,0.0881073,0.09041,0.0927359,0.0950835,0.0974515,0.0998386,0.102243,0.104664,0.107099,0.109547,0.112006,0.114475,0.116951,0.119433,0.121919,0.124407,0.126894,0.12938,0.131862,0.134337,0.136805,0.139262,0.141706,0.144136,0.146548,0.148942,0.151314,0.153662,0.155984,0.158278,0.160542,0.162773,0.164969,0.167127,0.169246,0.171324,0.173357,0.175345,0.177284,0.179174,0.181011,0.182793,0.18452,0.186188,0.187796,0.189342,0.190825,0.192242,0.193592,0.194874,0.196086,0.197227,0.198295,0.199289,0.200208,0.20105,0.201816,0.202503,0.203112,0.20364,0.204089,0.204457,0.204743,0.204948,0.205071,0.205112,0.205071,0.204948,0.204743,0.204457,0.204089,0.20364,0.203112,0.202503,0.201816,0.20105,0.200208,0.199289,0.198295,0.197227,0.196086,0.194874,0.193592,0.192242,0.190825,0.189342,0.187796,0.186188,0.18452,0.182793,0.181011,0.179174,0.177284,0.175345,0.173357,0.171324,0.169246,0.167127,0.164969,0.162773,0.160542,0.158278,0.155984,0.153662,0.151314,0.148942,0.146548,0.144136,0.141706,0.139262,0.136805,0.134337,0.131862,0.12938,0.126894,0.124407,0.121919,0.119433,0.116951,0.114475,0.112006,0.109547,0.107099,0.104664,0.102243,0.0998386,0.0974515,0.0950835,0.0927359,0.09041,0.0881073,0.0858289,0.0835759,0.0813495,0.0791508,0.0769807,0.0748402,0.0727301,0.0706512,0.0686043,0.0665901,0.0646091,0.062662,0.0607493,0.0588714,0.0570287,0.0552217,0.0534505,0.0517154,0.0500166,0.0483543,0.0467285,0.0451394,0.0435868,0.0420709,0.0405914,0.0391482,0.0377413,0.0363704,0.0350353,0.0337357,0.0324713,0.0312417,0.0300468,0.0288859,
0.0287591,0.0299268,0.0311295,0.0323675,0.0336413,0.0349513,0.0362977,0.037681,0.0391013,0.0405589,0.042054,0.0435868,0.0451575,0.0467659,0.0484124,0.0500967,0.0518189,0.0535789,0.0553765,0.0572115,0.0590837,0.0609928,0.0629383,0.06492,0.0669372,0.0689896,0.0710764,0.0731971,0.0753509,0.077537,0.0797547,0.082003,0.0842809,0.0865875,0.0889216,0.0912822,0.0936679,0.0960775,0.0985097,0.100963,0.103436,0.105928,0.108435,0.110958,0.113495,0.116042,0.1186,0.121165,0.123737,0.126312,0.128889,0.131467,0.134042,0.136613,0.139178,0.141734,0.14428,0.146812,0.14933,0.151829,0.154309,0.156766,0.159199,0.161605,0.163982,0.166327,0.168638,0.170913,0.173149,0.175345,0.177497,0.179604,0.181663,0.183673,0.18563,0.187533,0.18938,0.191169,0.192897,0.194563,0.196165,0.197701,0.199169,0.200568,0.201897,0.203152,0.204334,0.20544,0.20647,0.207422,0.208295,0.209088,0.2098,0.21043,0.210978,0.211443,0.211824,0.212121,0.212333,0.21246,0.212503,0.21246,0.212333,0.212121,0.211824,0.211443,0.210978,0.21043,0.2098,0.209088,0.208295,0.207422,0.20647,0.20544,0.204334,0.203152,0.201897,0.200568,0.199169,0.197701,0.196165,0.194563,0.192897,0.191169,0.18938,0.187533,0.18563,0.183673,0.181663,0.179604,0.177497,0.175345,0.173149,0.170913,0.168638,0.166327,0.163982,0.161605,0.159199,0.156766,0.154309,0.151829,0.14933,0.146812,0.14428,0.141734,0.139178,0.136613,0.134042,0.131467,0.128889,0.126312,0.123737,0.121165,0.1186,0.116042,0.113495,0.110958,0.108435,0.105928,0.103436,0.100963,0.0985097,0.0960775,0.0936679,0.0912822,0.0889216,0.0865875,0.0842809,0.082003,0.0797547,0.077537,0.0753509,0.0731971,0.0710764,0.0689896,0.0669372,0.06492,0.0629383,0.0609928,0.0590837,0.0572115,0.0553765,0.0535789,0.0518189,0.0500967,0.0484124,0.0467659,0.0451575,0.0435868,0.042054,0.0405589,0.0391013,0.037681,0.0362977,0.0349513,0.0336413,0.0323675,0.0311295,0.0299268,
0.0297835,0.0309928,0.0322383,0.0335204,0.0348396,0.0361962,0.0375906,0.0390232,0.0404941,0.0420036,0.043552,0.0451394,0.0467659,0.0484317,0.0501368,0.0518811,0.0536647,0.0554874,0.057349,0.0592494,0.0611883,0.0631653,0.0651802,0.0672324,0.0693215,0.071447,0.0736081,0.0758043,0.0780348,0.0802988,0.0825955,0.0849239,0.087283,0.0896717,0.092089,0.0945336,0.0970043,0.0994998,0.102019,0.104559,0.107121,0.109701,0.112298,0.114911,0.117537,0.120176,0.122824,0.125481,0.128144,0.130811,0.13348,0.13615,0.138817,0.14148,0.144136,0.146783,0.149419,0.152042,0.154649,0.157237,0.159805,0.16235,0.16487,0.167361,0.169823,0.172251,0.174645,0.177001,0.179317,0.181591,0.18382,0.186002,0.188134,0.190215,0.192242,0.194213,0.196126,0.197978,0.199768,0.201493,0.203152,0.204743,0.206264,0.207713,0.209088,0.210388,0.211612,0.212758,0.213824,0.21481,0.215714,0.216536,0.217273,0.217926,0.218493,0.218974,0.219369,0.219676,0.219896,0.220028,0.220072,0.220028,0.219896,0.219676,0.219369,0.218974,0.218493,0.217926,0.217273,0.216536,0.215714,0.21481,0.213824,0.212758,0.211612,0.210388,0.209088,0.207713,0.206264,0.204743,0.203152,0.201493,0.199768,0.197978,0.196126,0.194213,0.192242,0.190215,0.188134,0.186002,0.18382,0.181591,0.179317,0.177001,0.174645,0.172251,0.169823,0.167361,0.16487,0.16235,0.159805,0.157237,0.154649,0.152042,0.149419,0.146783,0.144136,0.14148,0.138817,0.13615,0.13348,0.130811,0.128144,0.125481,0.122824,0.120176,0.117537,0.114911,0.112298,0.109701,0.107121,0.104559,0.102019,0.0994998,0.0970043,0.0945336,0.092089,0.0896717,0.087283,0.0849239,0.0825955,0.0802988,0.0780348,0.0758043,0.0736081,0.071447,0.0693215,0.0672324,0.0651802,0.0631653,0.0611883,0.0592494,0.057349,0.0554874,0.0536647,0.0518811,0.0501368,0.0484317,0.0467659,0.0451394,0.043552,0.0420036,0.0404941,0.0390232,0.0375906,0.0361962,0.0348396,0.0335204,0.0322383,0.0309928,
0.0308321,0.0320839,0.0333733,0.0347005,0.0360662,0.0374705,0.038914,0.040397,0.0419197,0.0434824,0.0450853,0.0467285,0.0484124,0.0501368,0.0519019,0.0537076,0.055554,0.0574408,0.059368,0.0613353,0.0633424,0.0653891,0.0674749,0.0695994,0.071762,0.0739623,0.0761995,0.0784731,0.0807821,0.0831258,0.0855033,0.0879137,0.0903558,0.0928286,0.095331,0.0978617,0.100419,0.103003,0.10561,0.10824,0.110892,0.113563,0.116251,0.118956,0.121675,0.124407,0.127148,0.129899,0.132655,0.135417,0.13818,0.140943,0.143704,0.14646,0.14921,0.151951,0.15468,0.157394,0.160093,0.162773,0.165431,0.168066,0.170674,0.173253,0.175801,0.178316,0.180793,0.183232,0.18563,0.187984,0.190291,0.19255,0.194758,0.196912,0.19901,0.20105,0.20303,0.204948,0.206801,0.208587,0.210304,0.211951,0.213525,0.215025,0.216449,0.217795,0.219062,0.220248,0.221352,0.222373,0.223309,0.224159,0.224922,0.225598,0.226185,0.226684,0.227092,0.22741,0.227638,0.227774,0.22782,0.227774,0.227638,0.22741,0.227092,0.226684,0.226185,0.225598,0.224922,0.224159,0.223309,0.222373,0.221352,0.220248,0.219062,0.217795,0.216449,0.215025,0.213525,0.211951,0.210304,0.208587,0.206801,0.204948,0.20303,0.20105,0.19901,0.196912,0.194758,0.19255,0.190291,0.187984,0.18563,0.183232,0.180793,0.178316,0.175801,0.173253,0.170674,0.168066,0.165431,0.162773,0.160093,0.157394,0.15468,0.151951,0.14921,0.14646,0.143704,0.140943,0.13818,0.135417,0.132655,0.129899,0.127148,0.124407,0.121675,0.118956,0.116251,0.113563,0.110892,0.10824,0.10561,0.103003,0.100419,0.0978617,0.095331,0.0928286,0.0903558,0.0879137,0.0855033,0.0831258,0.0807821,0.0784731,0.0761995,0.0739623,0.071762,0.0695994,0.0674749,0.0653891,0.0633424,0.0613353,0.059368,0.0574408,0.055554,0.0537076,0.0519019,0.0501368,0.0484124,0.0467285,0.0450853,0.0434824,0.0419197,0.040397,0.038914,0.0374705,0.0360662,0.0347005,0.0333733,0.0320839,
0.0319048,0.0332002,0.0345344,0.0359078,0.037321,0.0387742,0.0402679,0.0418025,0.0433781,0.0449952,0.0466538,0.0483543,0.0500967,0.0518811,0.0537076,0.0555762,0.0574868,0.0594393,0.0614335,0.0634692,0.0655462,0.0676641,0.0698224,0.0720208,0.0742587,0.0765355,0.0788506,0.0812033,0.0835926,0.0860179,0.0884781,0.0909723,0.0934994,0.0960583,0.0986477,0.101266,0.103913,0.106586,0.109285,0.112006,0.11475,0.117514,0.120296,0.123095,0.125908,0.128735,0.131572,0.134418,0.137271,0.140128,0.142987,0.145847,0.148704,0.151556,0.154401,0.157237,0.160061,0.16287,0.165663,0.168436,0.171187,0.173913,0.176612,0.179281,0.181918,0.18452,0.187084,0.189607,0.192088,0.194524,0.196912,0.199249,0.201533,0.203763,0.205934,0.208045,0.210094,0.212078,0.213996,0.215844,0.217621,0.219325,0.220954,0.222506,0.22398,0.225373,0.226684,0.227911,0.229053,0.230109,0.231078,0.231958,0.232748,0.233447,0.234055,0.23457,0.234993,0.235322,0.235558,0.235699,0.235746,0.235699,0.235558,0.235322,0.234993,0.23457,0.234055,0.233447,0.232748,0.231958,0.231078,0.230109,0.229053,0.227911,0.226684,0.225373,0.22398,0.222506,0.220954,0.219325,0.217621,0.215844,0.213996,0.212078,0.210094,0.208045,0.205934,0.203763,0.201533,0.199249,0.196912,0.194524,0.192088,0.189607,0.187084,0.18452,0.181918,0.179281,0.176612,0.173913,0.171187,0.168436,0.165663,0.16287,0.160061,0.157237,0.154401,0.151556,0.148704,0.145847,0.142987,0.140128,0.137271,0.134418,0.131572,0.128735,0.125908,0.123095,0.120296,0.117514,0.11475,0.112006,0.109285,0.106586,0.103913,0.101266,0.0986477,0.0960583,0.0934994,0.0909723,0.0884781,0.0860179,0.0835926,0.0812033,0.0788506,0.0765355,0.0742587,0.0720208,0.0698224,0.0676641,0.0655462,0.0634692,0.0614335,0.0594393,0.0574868,0.0555762,0.0537076,0.0518811,0.0500967,0.0483543,0.0466538,0.0449952,0.0433781,0.0418025,0.0402679,0.0387742,0.037321,0.0359078,0.0345344,0.0332002,
0.0330016,0.0343415,0.0357216,0.0371423,0.038604,0.0401072,0.0416522,0.0432395,0.0448694,0.046542,0.0482577,0.0500166,0.0518189,0.0536647,0.055554,0.0574868,0.0594631,0.0614827,0.0635454,0.0656512,0.0677995,0.0699902,0.0722228,0.0744967,0.0768116,0.0791667,0.0815613,0.0839948,0.0864663,0.088975,0.0915198,0.0940997,0.0967137,0.0993606,0.102039,0.104748,0.107485,0.110251,0.113042,0.115857,0.118695,0.121554,0.124431,0.127327,0.130237,0.133161,0.136095,0.139039,0.14199,0.144945,0.147903,0.15086,0.153816,0.156766,0.159709,0.162643,0.165564,0.16847,0.171358,0.174226,0.177072,0.179892,0.182684,0.185444,0.188172,0.190863,0.193515,0.196126,0.198692,0.201211,0.203681,0.206099,0.208462,0.210767,0.213013,0.215197,0.217317,0.219369,0.221352,0.223264,0.225102,0.226865,0.22855,0.230156,0.23168,0.23312,0.234476,0.235746,0.236928,0.23802,0.239022,0.239932,0.240749,0.241472,0.242101,0.242634,0.243071,0.243412,0.243655,0.243802,0.24385,0.243802,0.243655,0.243412,0.243071,0.242634,0.242101,0.241472,0.240749,0.239932,0.239022,0.23802,0.236928,0.235746,0.234476,0.23312,0.23168,0.230156,0.22855,0.226865,0.225102,0.223264,0.221352,0.219369,0.217317,0.215197,0.213013,0.210767,0.208462,0.206099,0.203681,0.201211,0.198692,0.196126,0.193515,0.190863,0.188172,0.185444,0.182684,0.179892,0.177072,0.174226,0.171358,0.16847,0.165564,0.162643,0.159709,0.156766,0.153816,0.15086,0.147903,0.144945,0.14199,0.139039,0.136095,0.133161,0.130237,0.127327,0.124431,0.121554,0.118695,0.115857,0.113042,0.110251,0.107485,0.104748,0.102039,0.0993606,0.0967137,0.0940997,0.0915198,0.088975,0.0864663,0.0839948,0.0815613,0.0791667,0.0768116,0.0744967,0.0722228,0.0699902,0.0677995,0.0656512,0.0635454,0.0614827,0.0594631,0.0574868,0.055554,0.0536647,0.0518189,0.0500166,0.0482577,0.046542,0.0448694,0.0432395,0.0416522,0.0401072,0.038604,0.0371423,0.0357216,0.0343415,
0.0341224,0.0355079,0.0369348,0.0384038,0.0399151,0.0414694,0.0430669,0.0447081,0.0463933,0.0481228,0.0498967,0.0517154,0.0535789,0.0554874,0.0574408,0.0594393,0.0614827,0.0635709,0.0657037,0.0678809,0.0701023,0.0723674,0.0746757,0.0770269,0.0794204,0.0818555,0.0843315,0.0868476,0.0894031,0.0919969,0.0946282,0.0972957,0.0999985,0.102735,0.105505,0.108305,0.111136,0.113995,0.116881,0.119792,0.122726,0.125682,0.128658,0.131651,0.13466,0.137683,0.140718,0.143761,0.146812,0.149868,0.152926,0.155984,0.15904,0.162091,0.165134,0.168167,0.171187,0.174192,0.177178,0.180144,0.183086,0.186002,0.188888,0.191743,0.194563,0.197345,0.200088,0.202787,0.20544,0.208045,0.210599,0.213099,0.215542,0.217926,0.220248,0.222506,0.224698,0.22682,0.22887,0.230847,0.232748,0.23457,0.236313,0.237973,0.239548,0.241038,0.24244,0.243753,0.244975,0.246104,0.24714,0.248081,0.248926,0.249674,0.250324,0.250875,0.251327,0.251679,0.251931,0.252082,0.252133,0.252082,0.251931,0.251679,0.251327,0.250875,0.250324,0.249674,0.248926,0.248081,0.24714,0.246104,0.244975,0.243753,0.24244,0.241038,0.239548,0.237973,0.236313,0.23457,0.232748,0.230847,0.22887,0.22682,0.224698,0.222506,0.220248,0.217926,0.215542,0.213099,0.210599,0.208045,0.20544,0.202787,0.200088,0.197345,0.194563,0.191743,0.188888,0.186002,0.183086,0.180144,0.177178,0.174192,0.171187,0.168167,0.165134,0.162091,0.15904,0.155984,0.152926,0.149868,0.146812,0.143761,0.140718,0.137683,0.13466,0.131651,0.128658,0.125682,0.122726,0.119792,0.116881,0.113995,0.111136,0.108305,0.105505,0.102735,0.0999985,0.0972957,0.0946282,0.0919969,0.0894031,0.0868476,0.0843315,0.0818555,0.0794204,0.0770269,0.0746757,0.0723674,0.0701023,0.0678809,0.0657037,0.0635709,0.0614827,0.0594393,0.0574408,0.0554874,0.0535789,0.0517154,0.0498967,0.0481228,0.0463933,0.0447081,0.0430669,0.0414694,0.0399151,0.0384038,0.0369348,0.0355079,
0.0352673,0.0366992,0.038174,0.0396922,0.0412543,0.0428607,0.0445118,0.0462081,0.0479498,0.0497373,0.0515708,0.0534505,0.0553765,0.057349,0.059368,0.0614335,0.0635454,0.0657037,0.0679081,0.0701584,0.0724542,0.0747953,0.0771812,0.0796112,0.082085,0.0846018,0.0871609,0.0897614,0.0924026,0.0950835,0.097803,0.10056,0.103354,0.106182,0.109044,0.111939,0.114865,0.11782,0.120802,0.123811,0.126844,0.129899,0.132974,0.136068,0.139178,0.142303,0.145439,0.148585,0.151738,0.154896,0.158057,0.161218,0.164376,0.167529,0.170674,0.173809,0.17693,0.180036,0.183122,0.186188,0.189228,0.192242,0.195225,0.198176,0.201091,0.203966,0.206801,0.20959,0.212333,0.215025,0.217665,0.220248,0.222773,0.225237,0.227638,0.229971,0.232236,0.23443,0.236549,0.238592,0.240557,0.24244,0.244241,0.245957,0.247585,0.249125,0.250574,0.251931,0.253194,0.254361,0.255432,0.256404,0.257278,0.25805,0.258722,0.259292,0.259759,0.260123,0.260383,0.26054,0.260592,0.26054,0.260383,0.260123,0.259759,0.259292,0.258722,0.25805,0.257278,0.256404,0.255432,0.254361,0.253194,0.251931,0.250574,0.249125,0.247585,0.245957,0.244241,0.24244,0.240557,0.238592,0.236549,0.23443,0.232236,0.229971,0.227638,0.225237,0.222773,0.220248,0.217665,0.215025,0.212333,0.20959,0.206801,0.203966,0.201091,0.198176,0.195225,0.192242,0.189228,0.186188,0.183122,0.180036,0.17693,0.173809,0.170674,0.167529,0.164376,0.161218,0.158057,0.154896,0.151738,0.148585,0.145439,0.142303,0.139178,0.136068,0.132974,0.129899,0.126844,0.123811,0.120802,0.11782,0.114865,0.111939,0.109044,0.106182,0.103354,0.10056,0.097803,0.0950835,0.0924026,0.0897614,0.0871609,0.0846018,0.082085,0.0796112,0.0771812,0.0747953,0.0724542,0.0701584,0.0679081,0.0657037,0.0635454,0.0614335,0.059368,0.057349,0.0553765,0.0534505,0.0515708,0.0497373,0.0479498,0.0462081,0.0445118,0.0428607,0.0412543,0.0396922,0.038174,0.0366992,
0.0364359,0.0379153,0.039439,0.0410075,0.0426213,0.044281,0.0459868,0.0477393,0.0495388,0.0513855,0.0532797,0.0552217,0.0572115,0.0592494,0.0613353,0.0634692,0.0656512,0.0678809,0.0701584,0.0724832,0.0748552,0.0772738,0.0797387,0.0822493,0.0848051,0.0874052,0.0900491,0.0927359,0.0954646,0.0982343,0.101044,0.103892,0.106778,0.109701,0.112658,0.115648,0.118671,0.121724,0.124805,0.127914,0.131047,0.134203,0.137381,0.140577,0.14379,0.147018,0.150258,0.153508,0.156766,0.160029,0.163294,0.16656,0.169823,0.17308,0.17633,0.179568,0.182793,0.186002,0.189191,0.192357,0.195499,0.198612,0.201695,0.204743,0.207754,0.210725,0.213653,0.216536,0.219369,0.222151,0.224877,0.227547,0.230156,0.232701,0.235181,0.237592,0.239932,0.242198,0.244388,0.246498,0.248528,0.250474,0.252334,0.254107,0.25579,0.25738,0.258878,0.260279,0.261584,0.26279,0.263896,0.264901,0.265803,0.266602,0.267296,0.267884,0.268367,0.268743,0.269012,0.269173,0.269227,0.269173,0.269012,0.268743,0.268367,0.267884,0.267296,0.266602,0.265803,0.264901,0.263896,0.26279,0.261584,0.260279,0.258878,0.25738,0.25579,0.254107,0.252334,0.250474,0.248528,0.246498,0.244388,0.242198,0.239932,0.237592,0.235181,0.232701,0.230156,0.227547,0.224877,0.222151,0.219369,0.216536,0.213653,0.210725,0.207754,0.204743,0.201695,0.198612,0.195499,0.192357,0.189191,0.186002,0.182793,0.179568,0.17633,0.17308,0.169823,0.16656,0.163294,0.160029,0.156766,0.153508,0.150258,0.147018,0.14379,0.140577,0.137381,0.134203,0.131047,0.127914,0.124805,0.121724,0.118671,0.115648,0.112658,0.109701,0.106778,0.103892,0.101044,0.0982343,0.0954646,0.0927359,0.0900491,0.0874052,0.0848051,0.0822493,0.0797387,0.0772738,0.0748552,0.0724832,0.0701584,0.0678809,0.0656512,0.0634692,0.0613353,0.0592494,0.0572115,0.0552217,0.0532797,0.0513855,0.0495388,0.0477393,0.0459868,0.044281,0.0426213,0.0410075,0.039439,0.0379153,
0.0376283,0.0391561,0.0407296,0.0423494,0.0440161,0.04573,0.0474917,0.0493015,0.0511599,0.053067,0.0550232,0.0570287,0.0590837,0.0611883,0.0633424,0.0655462,0.0677995,0.0701023,0.0724542,0.0748552,0.0773047,0.0798025,0.0823481,0.0849409,0.0875802,0.0902655,0.0929959,0.0957706,0.0985886,0.101449,0.10435,0.107292,0.110273,0.11329,0.116344,0.119433,0.122554,0.125707,0.128889,0.132099,0.135335,0.138595,0.141876,0.145177,0.148496,0.151829,0.155175,0.158532,0.161896,0.165266,0.168638,0.17201,0.17538,0.178744,0.1821,0.185444,0.188775,0.192088,0.195382,0.198652,0.201897,0.205112,0.208295,0.211443,0.214553,0.217621,0.220645,0.223622,0.226548,0.22942,0.232236,0.234993,0.237687,0.240316,0.242877,0.245367,0.247783,0.250124,0.252385,0.254565,0.256661,0.258671,0.260592,0.262422,0.26416,0.265803,0.267349,0.268797,0.270144,0.27139,0.272532,0.273569,0.274501,0.275326,0.276043,0.276651,0.277149,0.277537,0.277815,0.277982,0.278037,0.277982,0.277815,0.277537,0.277149,0.276651,0.276043,0.275326,0.274501,0.273569,0.272532,0.27139,0.270144,0.268797,0.267349,0.265803,0.26416,0.262422,0.260592,0.258671,0.256661,0.254565,0.252385,0.250124,0.247783,0.245367,0.242877,0.240316,0.237687,0.234993,0.232236,0.22942,0.226548,0.223622,0.220645,0.217621,0.214553,0.211443,0.208295,0.205112,0.201897,0.198652,0.195382,0.192088,0.188775,0.185444,0.1821,0.178744,0.17538,0.17201,0.168638,0.165266,0.161896,0.158532,0.155175,0.151829,0.148496,0.145177,0.141876,0.138595,0.135335,0.132099,0.128889,0.125707,0.122554,0.119433,0.116344,0.11329,0.110273,0.107292,0.10435,0.101449,0.0985886,0.0957706,0.0929959,0.0902655,0.0875802,0.0849409,0.0823481,0.0798025,0.0773047,0.0748552,0.0724542,0.0701023,0.0677995,0.0655462,0.0633424,0.0611883,0.0590837,0.0570287,0.0550232,0.053067,0.0511599,0.0493015,0.0474917,0.04573,0.0440161,0.0423494,0.0407296,0.0391561,
